0
3
6
11
12
17
20
24
25
28
30
32
34
38
40
45
49
53
58
63
64
69
71
76
77
84
88
93
97
98
100
106
107
111
120
121
124
132
135
139
146
149
153
155
161
164
170
172
174
183
185
186
192
197
200
202
214
218
219
220
230
233
238
239
240
243
253
254
257
260
267
269
272
274
286
295
301
304
306
309
311
314
318
320
322
327
330
334
337
373
383
387
393
395
399
410
431
432
434
435
441
443
446
454
460
464
468
469
473
476
508
513
519
523
526
529
530
532
534
553
559
564
571
575
579
584
586
592
593
597
599
602
604
609
618
619
622
623
627
630
638
640
643
648
651
655
661
666
668
673
677
680
684
688
694
706
713
719
723
727
729
736
738
743
744
746
750
752
756
759
761
763
766
771
775
779
786
789
793
794
797
807
811
813
816
817
819
825
826
828
832
834
840
841
843
848
850
853
856
857
859
861
868
872
877
878
880
882
883
884
885
895
900
901
905
906
909
911
914
925
928
931
932
933
936
938
939
940
942
947
951
956
965
970
971
973
974
985
986
987
1000
1005
1006
1010
1015
1019
1021
1025
1026
1029
1032
1033
1040
1044
1047
1049
1053
1054
1058
1065
1067
1068
1072
1074
1077
1081
1082
1086
1089
1091
1096
1101
1106
1107
1109
1111
1113
1116
1121
1122
1134
1136
1144
1146
1148
1155
1157
1160
1161
1162
1165
1170
1171
1172
1173
1175
1177
1179
1184
1187
1192
1195
1197
1202
1205
1209
1211
1289
1290
1295
1298
1315
1319
1322
1323
1325
1330
1340
1342
1346
1347
1349
1352
1353
1358
1361
1363
1366
1371
1374
1377
1380
1382
1387
1389
1392
1394
1396
1400
1403
1404
1406
1411
1413
1415
1420
1421
1423
1427
1431
1434
1448
1449
1452
1456
1459
1460
1465
1469
1470
1473
1475
1476
1477
1478
1489
1491
1495
1497
1504
1506
1511
1518
1522
1525
1532
1536
1539
1543
1545
1551
1554
1557
1560
1564
1566
1569
1572
1575
1578
1586
1587
1591
1597
1598
1603
1606
1608
1612
1614
1619
1620
1626
1633
1640
1642
1646
1650
1654
1660
1664
1666
1670
1673
1674
1675
1696
1698
1703
1704
1705
1707
1709
1710
1715
1717
1718
1726
1728
1733
1749
1750
1752
1754
1756
1761
1764
1782
1787
1793
1795
1801
1812
1820
1824
1832
1834
1837
1841
1845
1849
1851
1854
1858
1861
1872
1875
1885
1889
1895
1899
1902
1904
1905
1909
1913
1918
1923
1926
1929
1932
1937
1940
1948
1952
1953
1954
1959
1962
1965
1967
1973
1977
1986
1990
1997
2001
2005
2017
2019
2022
2031
2032
2039
2042
2043
2046
2049
2050
2056
2058
2059
2061
2064
2067
2070
2081
2085
2103
2104
2107
2110
2112
2117
2120
2125
2131
2133
2135
2139
2151
2152
2153
2154
2157
2162
2177
2181
2183
2184
2187
2190
2192
2194
2196
2200
2202
2204
2209
2210
2213
2218
2224
2228
2230
2238
2239
2241
2243
2248
2252
2253
2255
2259
2267
2270
2271
2273
2274
2279
2282
2284
2285
2289
2294
2297
2309
2311
2318
2321
2323
2325
2327
2330
2335
2338
2339
2344
2356
2360
2363
2371
2377
2381
2385
2390
2391
2396
2397
2401
2405
2407
2412
2413
2416
2418
2421
2427
2429
2462
2464
2465
2466
2468
2475
2480
2482
2488
2491
2496
2504
2511
2512
2513
2515
2518
2520
2524
2526
2528
2530
2533
2537
2541
2547
2549
2550
2554
2558
2562
2565
2566
2568
2569
2572
2574
2575
2576
2578
2585
2586
2592
2593
2595
2599
2605
2617
2618
2623
2624
2626
2633
2640
2642
2643
2644
2647
2650
2662
2663
2666
2668
2684
2685
2687
2688
2693
2697
2700
2701
2704
2706
2710
2712
2714
2715
2717
2720
2721
2723
2724
2725
2729
2731
2733
2735
2736
2738
2753
2755
2760
2761
2763
2764
2769
2771
2780
2784
2786
2791
2794
2795
2799
2808
2811
2819
2821
2826
2827
2831
2833
2837
2846
2849
2850
2853
2854
2858
2859
2864
2869
2872
2873
2878
2880
2883
2888
2891
2893
2898
2903
2904
2908
2913
2942
2954
2963
2973
2980
2985
2992
2995
3000
3003
3009
3013
3021
3024
3028
3039
3042
3043
3048
3051
3053
3056
3059
3070
3073
3077
3079
3085
3087
3089
3092
3096
3099
3104
3108
3111
3112
3114
3118
3119
3121
3122
3125
3128
3129
3134
3142
3143
3145
3146
3151
3153
3154
3155
3158
3163
3165
3170
3173
3178
3182
3187
3190
3194
3199
3203
3204
3208
3212
3214
3216
3217
3221
3223
3227
3231
3236
3237
3239
3244
3246
3250
3256
3263
3271
3273
3278
3280
3281
3283
3288
3289
3290
3294
3298
3301
3302
3305
3312
3313
3322
3326
3330
3338
3341
3347
3350
3352
3354
3358
3362
3365
3368
3371
3373
3376
3380
3383
3387
3388
3391
3398
3400
3402
3407
3409
3414
3417
3421
3423
3428
3431
3432
3434
3443
3451
3456
3459
3464
3467
3473
3474
3479
3485
3491
3494
3496
3498
3500
3501
3505
3507
3514
3516
3521
3524
3529
3531
3534
3536
3542
3545
3550
3551
3559
3563
3567
3569
3575
3578
3581
3588
3592
3595
3597
3599
3600
3606
3611
3612
3613
3615
3619
3620
3621
3624
3625
3627
3630
3632
3633
3636
3637
3638
3641
3644
3646
3649
3650
3651
3654
3656
3661
3666
3669
3672
3673
3674
3675
3677
3678
3679
3683
3685
3686
3690
3691
3694
3696
3698
3701
3703
3706
3708
3716
3719
3720
3723
3727
3734
3753
3759
3763
3764
3765
3768
3773
3778
3780
3784
3801
3802
3803
3805
3806
3808
3814
3818
3820
3825
3826
3829
3834
3835
3836
3837
3841
3844
3845
3847
3849
3853
3856
3862
3865
3871
3873
3877
3879
3885
3890
3892
3893
3896
3900
3904
3906
3908
3910
3915
3949
3950
3963
3968
3971
3972
3973
3978
3979
3987
3990
3991
3993
3997
3998
3999
4001
4002
4005
4006
4009
4010
4017
4018
4021
4025
4028
4032
4038
4061
4063
4064
4069
4074
4077
4078
4082
4092
4098
4099
4101
4107
4109
4111
4112
4113
4114
4115
4118
4122
4125
4128
4135
4136
4143
4146
4147
4154
4158
4188
4191
4194
4196
4197
4201
4202
4206
4213
4215
4217
4221
4222
4226
4230
4232
4234
4238
4245
4248
4251
4257
4263
4269
4274
4279
4283
4286
4288
4293
4298
4315
4318
4319
4322
4327
4328
4332
4336
4341
4342
4344
4346
4353
4355
4359
4363
4376
4381
4387
4388
4390
4393
4395
4396
4400
4403
4408
4410
4431
4432
4436
4439
4446
4450
4451
4454
4458
4459
4461
4463
4469
4471
4474
4478
4485
4489
4493
4494
4496
4500
4502
4513
4515
4519
4523
4532
4535
4541
4542
4544
4546
4547
4550
4552
4554
4556
4579
4581
4591
4593
4596
4602
4604
4609
4613
4617
4619
4622
4623
4627
4633
4635
4642
4644
4646
4647
4652
4655
4658
4661
4663
4666
4670
4675
4677
4678
4684
4687
4690
4695
4702
4707
4710
4712
4715
4716
4719
4720
4722
4723
4726
4732
4736
4740
4742
4746
4749
4750
4755
4757
4759
4785
4787
4791
4792
4795
4810
4812
4813
4815
4816
4820
4824
4825
4828
4830
4833
4839
4842
4845
4848
4849
4854
4855
4856
4859
4862
4867
4872
4874
4876
4879
4881
4889
4905
4908
4910
4912
4913
4919
4920
4923
4926
4929
4932
4935
4943
4945
4950
4954
4962
4963
4965
4968
4969
4972
4976
4978
4982
4990
4993
5000
5002
5003
5007
5009
5011
5014
5017
5020
5023
5025
5027
5035
5038
5039
5042
5051
5057
5058
5063
5066
5068
5070
5075
5078
5094
5095
5099
5102
5107
5110
5112
5116
5127
5130
5132
5136
5137
5139
5140
5142
5148
5150
5153
5156
5159
5162
5165
5168
5172
5177
5180
5188
5192
5195
5198
5202
5205
5207
5214
5219
5221
5225
5227
5231
5235
5236
5246
5247
5249
5253
5255
5256
5258
5426
5431
5439
5441
5444
5446
5447
5451
5454
5464
5467
5470
5478
5479
5481
5484
5485
5486
5489
5494
5497
5499
5502
5504
5509
5511
5513
5516
5519
5520
5526
5529
5531
5532
5535
5536
5539
5545
5551
5552
5554
5559
5561
5566
5571
5574
5575
5579
5581
5582
5587
5592
5596
5597
5602
5621
5625
5630
5648
5655
5656
5659
5662
5669
5670
5672
5674
5676
5679
5683
5690
5693
5695
5697
5701
5704
5706
5709
5710
5711
5712
5714
5716
5739
5741
5749
5753
5755
5757
5758
5763
5764
5767
5769
5772
5774
5775
5777
5778
5781
5782
5784
5787
5789
5793
5800
5809
5811
5812
5814
5817
5824
5830
5832
5837
5841
5845
5850
5852
5856
5859
5863
5865
5870
5875
5897
5901
5902
5905
5909
5913
5914
5917
5918
5920
5921
5924
5927
5928
5930
5934
5938
5942
5949
5953
5957
5959
5972
5974
5980
5983
5985
5989
5990
5994
5997
5998
6000
6002
6004
6007
6014
6018
6020
6023
6025
6028
6032
6039
6047
6052
6059
6064
6068
6070
6074
6079
6085
6089
6092
6100
6101
6104
6105
6135
6139
6140
6142
6147
6148
6150
6153
6156
6158
6163
6167
6171
6175
6176
6180
6188
6190
6193
6195
6197
6198
6200
6202
6207
6211
6215
6218
6221
6222
6226
6228
6231
6232
6234
6241
6242
6247
6253
6256
6257
6267
6270
6273
6276
6278
6281
6284
6286
6287
6292
6297
6298
6299
6300
6302
6307
6313
6314
6315
6325
6326
6330
6333
6336
6339
6343
6346
6353
6355
6356
6357
6360
6361
6370
6371
6376
6379
6385
6387
6391
6433
6450
6453
6454
6458
6475
6478
6481
6483
6486
6487
6493
6497
6502
6504
6505
6508
6511
6514
6517
6518
6520
6524
6526
6530
6531
6532
6536
6539
6544
6549
6553
6565
6568
6571
6573
6575
6578
6582
6586
6589
6593
6597
6603
6606
6608
6612
6617
6623
6624
6625
6628
6632
6637
6642
6644
6647
6649
6658
6668
6672
6674
6677
6678
6682
6685
6687
6689
6690
6709
6714
6715
6718
6719
6723
6725
6728
6729
6803
6813
6830
6834
6841
6843
6844
6850
6855
6860
6865
6868
6872
6876
6879
6883
6887
6891
6895
6899
6907
6910
6915
6920
6936
6939
6942
6947
6952
6954
6959
6964
6967
6971
6979
6983
6989
6994
7003
7017
7021
7036
7045
7047
7054
7057
7059
7062
7066
7072
7076
7079
7082
7086
7089
7095
7098
7104
7108
7110
7117
7121
7126
7128
7145
7148
7150
7153
7157
7161
7164
7172
7178
7179
7184
7196
7201
7208
7214
7218
7223
7231
7233
7238
7243
7246
7252
7255
7260
7263
7267
7269
7270
7274
7280
7283
7288
7296
7300
7303
7308
7311
7315
7320
7325
7328
7333
7336
7339
7383
7385
7390
7392
7394
7397
7399
7401
7405
7408
7411
7416
7418
7421
7429
7433
7441
7445
7449
7454
7458
7460
7461
7464
7469
7472
7474
7478
7482
7488
7491
7496
7506
7508
7511
7513
7518
7521
7528
7535
7539
7545
7547
7548
7549
7551
7556
7559
7561
7563
7564
7565
7569
7571
7575
7578
7580
7583
7587
7597
7601
7605
7606
7611
7617
7620
7622
7624
7627
7631
7635
7640
7645
7646
7652
7655
7657
7659
7662
7671
7673
7676
7679
7681
7695
7697
7701
7703
7707
7712
7714
7720
7730
7738
7741
7743
7748
7756
7763
7769
7771
7775
7785
7789
7820
7822
7825
7828
7830
7836
7842
7845
7847
7849
7852
7855
7862
7875
7880
7884
7886
7889
7892
7896
7898
7903
7908
7910
7911
7913
7917
7922
7925
7927
7933
7939
7943
7947
7950
7952
7967
7971
7981
7984
7993
8001
8005
8011
8018
8023
8027
8030
8033
8035
8040
8042
8054
8056
8059
8062
8065
8068
8071
8086
8089
8096
8099
8101
8106
8111
8116
8119
8121
8125
8130
8132
8197
8201
8203
8205
8206
8208
8210
8212
8214
8218
8223
8226
8234
8238
8242
8258
8261
8266
8270
8271
8274
8275
8278
8283
8287
8290
8292
8294
8296
8299
8304
8309
8316
8318
8320
8325
8328
8331
8337
8349
8353
8357
8358
8361
8364
8366
8367
8371
8411
8414
8416
8418
8420
8423
8427
8431
8433
8435
8437
8469
8474
8476
8479
8481
8483
8486
8490
8492
8501
8505
8513
8515
8518
8524
8525
8526
8528
8533
8535
8538
8542
8545
8548
8551
8554
8562
8565
8568
8572
8580
8585
8591
8595
8598
8608
8610
8612
8622
8625
8630
8634
8636
8638
8641
8645
8648
8649
8652
8658
8663
8669
8673
8674
8678
8682
8684
8687
8690
8691
8693
8695
8699
8701
8707
8711
8712
8718
8724
8729
8732
8734
8742
8745
8747
8752
8755
8765
8771
8778
8783
8791
8795
8797
8801
8813
8816
8820
8827
8829
8832
8836
8839
8842
8846
8851
8855
8856
8860
8866
8870
8877
8883
8887
8888
8890
8893
8895
8898
8902
8919
8923
8928
8929
8932
8940
8942
8947
8952
8955
8958
8960
8961
8969
8974
8976
8977
8982
8984
8985
8990
8998
9002
9009
9010
9015
9023
9042
9045
9047
9051
9056
9060
9061
9067
9069
9070
9074
9075
9080
9084
9086
9092
9097
9107
9110
9113
9117
9122
9125
9128
9131
9134
9135
9138
9140
9142
9146
9149
9152
9156
9163
9168
9170
9173
9178
9184
9188
9192
9200
9205
9208
9214
9220
9223
9227
9229
9232
9235
9236
9239
9243
9246
9257
9258
9265
9271
9273
9278
9280
9282
9286
9293
9307
9313
9317
9320
9323
9324
9325
9326
9328
9329
9330
9334
9337
9339
9341
9344
9345
9348
9352
9354
9360
9367
9373
9374
9375
9376
9379
9382
9385
9388
9390
9393
9398
9401
9407
9410
9412
9416
9419
9422
9425
9429
9434
9443
9445
9448
9450
9455
9458
9461
9462
9464
9465
9467
9469
9472
9476
9482
9487
9490
9494
9502
9504
9506
9508
9510
9512
9513
9514
9517
9519
9522
9524
9526
9527
9529
9533
9536
9540
9544
9545
9551
9554
9556
9559
9562
9564
9573
9578
9579
9581
9585
9587
9588
9589
9591
9595
9596
9599
9602
9605
9612
9615
9621
9624
9627
9628
9631
9636
9641
9646
9657
9661
9662
9663
9665
9668
9675
9678
9692
9694
9696
9699
9702
9705
9706
9707
9711
9718
9719
9721
9724
9727
9730
9733
9743
9744
9751
9754
9760
9766
9768
9773
9777
9780
9782
9798
9803
9806
9807
9809
9814
9816
9820
9822
9824
9825
9832
9834
9837
9839
9841
9842
9843
9846
9849
9851
9854
9856
9857
9863
9867
9868
9869
9871
9875
9877
9882
9883
9886
9887
9888
9890
9891
9892
9893
9898
9900
9904
9907
9909
9913
9917
9919
9924
9926
9932
9936
9944
9947
9952
9953
9965
9976
9978
9980
9983
9987
9989
9993
9995
9997
9999
10000
10001
10005
10017
10020
10025
10027
10028
10030
10032
10034
10040
10042
10044
10046
10053
10054
10055
10056
10059
10061
10063
10065
10068
10074
10077
10078
10079
10080
10082
10085
10090
10094
10096
10100
10101
10104
10107
10109
10112
10117
10118
10124
10127
10128
10129
10132
10135
10140
10141
10142
10143
10144
10146
10151
10154
10156
10163
10167
10170
10171
10174
10176
10179
10181
10183
10184
10186
10187
10193
10194
10195
10196
10201
10203
10204
10206
10211
10215
10216
10218
10219
10222
10223
10224
10228
10230
10231
10232
10233
10234
10235
10240
10242
10247
10250
10251
10254
10255
10258
10259
10261
10263
10268
10271
10273
10275
10276
10279
10284
10285
10286
10288
10289
10290
10293
10295
10297
10300
10304
10306
10309
10310
10311
10313
10314
10315
10316
10317
10320
10322
10324
10325
10327
10328
10332
10338
10339
10342
10343
10345
10346
10347
10350
10351
10352
10353
10356
10358
10359
10360
10362
10363
10368
10370
10372
10373
10374
10375
10376
10377
10378
10379
10381
10382
10383
10384
10385
10386
10388
10389
10390
10391
10393
10394
10396
10397
10398
10399
10400
10402
10406
10407
10408
10412
10413
10416
10419
10421
10422
10425
10428
10430
10433
10434
10436
10437
10438
10439
10440
10442
10445
10447
10448
10449
10450
10456
10461
10462
10465
10479
10480
10483
10486
10489
10491
10493
10496
10501
10503
10508
10510
10511
10513
10517
10519
10521
10524
10526
10527
10529
10530
10531
10533
10535
10536
10537
10539
10540
10541
10543
10545
10546
10547
10548
10552
10556
