0
16
49
119
191
356
363
392
400
432
438
451
460
491
512
523
534
550
560
576
1136
1139
1151
1155
1175
1178
1245
1312
1347
1355
1362
1371
1375
1381
1388
1405
1427
1435
1442
1501
1655
1700
1843
1853
1860
1907
1929
1940
1961
1999
2006
2020
2076
2213
2222
2256
2275
2308
2354
2430
2458
2464
2587
2605
2638
2688
2758
2772
2809
2814
2827
2841
2850
2858
2872
2879
2893
2899
2927
2986
2994
3013
3058
3083
3109
3117
3151
3190
3222
3297
3382
3394
3406
3442
3582
3602
3607
3633
3698
3753
3949
3962
3967
3985
4015
4031
4039
4050
4062
4069
4075
4083
4089
4103
4106
4117
4125
4130
4138
4195
4199
4208
4257
4272
4298
4314
4411
4468
4480
4534
4552
4649
4722
5009
5043
5058
5221
5270
5280
5288
5296
5391
5400
5416
5436
5444
5451
5467
5478
5487
5526
5540
5592
5601
5626
5651
5672
5680
5722
5729
5735
5748
5758
5773
5779
5785
5792
5800
5818
5878
5892
5901
5908
5932
5988
5999
6011
6085
6102
6117
6202
6205
6209
6238
6244
6251
6256
6281
6405
6413
6418
6429
6457
6527
6537
6577
6603
6633
6644
6650
6655
6667
6673
6689
6839
6847
6966
6975
6989
7027
7032
7046
7185
7215
7257
7270
7284
7291
7319
7327
7335
7343
7352
7374
7379
7400
7444
7474
7483
7554
7563
7590
7621
7628
7676
7745
7761
7773
7809
7909
7914
7931
7937
7944
7957
7978
7986
7997
8043
8051
8065
8143
8161
8189
8194
8205
8217
8241
8248
8270
8280
8287
8369
8412
8446
8455
8462
8472
8478
8481
8494
8498
8502
8507
8519
8579
8587
8602
8623
8636
8644
8655
8667
8692
8735
8847
8854
8859
8887
8905
8914
8928
8935
9104
9107
9110
9142
9155
9170
9182
9279
9292
9328
9347
9375
9381
9426
9430
9439
9444
9452
9497
9504
9514
9563
9576
9595
9611
9620
9630
9639
9651
9667
9691
9698
9744
9748
9783
9790
9793
9812
9868
9882
9892
9907
9930
9963
10095
10112
10162
10188
10209
10215
10220
10228
10240
10264
10275
10288
10325
10363
10372
10403
10414
10447
10450
10453
10463
10476
10520
10605
10626
10638
10642
10649
10656
10672
10680
10754
10832
10861
10877
10888
10902
10911
10924
10942
10946
10977
11035
11066
11090
11137
11147
11169
11182
11200
11208
11219
11234
11257
11264
11271
11276
11342
11353
11438
11455
11463
11595
11599
11608
11640
11704
11729
11735
11743
11771
11784
11799
11808
11819
11839
11846
11859
11884
11895
11933
11982
11991
11996
12009
12034
12079
12090
12099
12129
12135
12139
12176
12189
12198
12243
12248
12253
12295
12306
12314
12319
12343
12346
12358
12380
12426
12429
12429
12433
12469
12528
12551
12558
12571
12597
12608
12612
12625
12655
12711
12750
12771
12778
12786
12798
12809
12822
12935
12941
12950
12959
12998
13080
13131
13160
13186
13190
13308
13354
13358
13382
13390
13407
13434
13444
13453
13481
13486
13526
13542
13559
13577
13595
13600
13606
13613
13616
13635
13888
13900
13908
13916
13928
13935
13944
13965
13974
13984
14063
14072
14748
14754
14881
14979
14982
14990
15036
15132
15140
15152
15165
15172
15178
15194
15283
15293
15333
15342
15358
15366
15370
15374
15382
15405
15418
15427
15462
15485
15494
15577
15614
15621
15665
15899
15922
15939
15944
15949
15959
15974
15985
16102
16108
16117
16144
16153
16162
16166
16172
16178
16190
16219
16232
16278
16284
16313
16317
16352
16368
16385
16390
16406
16420
16426
16441
16448
16459
16468
16491
16498
16513
16520
16525
16532
16647
16653
16661
16665
16683
16717
16738
16814
16824
16831
16902
16950
16984
16998
17001
17017
17085
17093
17101
17110
17130
17139
17145
17167
17182
17190
17199
17205
17210
17280
17286
17331
17347
17357
17483
17492
17521
17543
17794
17804
17842
17844
17946
18020
18102
18105
18118
18128
18142
18152
18157
18165
18176
18182
18192
18208
18227
18237
18252
18315
18322
18327
18345
18380
18406
18425
18612
18734
18743
18751
18754
18758
18766
18779
18791
18797
18798
18805
18810
18819
18845
18852
18855
18872
18883
18991
19012
19023
19034
19058
19064
19078
19127
19150
19261
19296
19314
19319
19323
19336
19348
19369
19376
19383
19404
19409
19417
19421
19429
19441
19452
19463
19513
19564
19597
19654
19718
19853
19902
19949
20111
20205
20259
20267
20285
20306
20311
20324
20329
20337
20354
20367
20370
20376
20503
20506
20517
20557
20587
20611
20641
20681
20849
21023
21180
21247
21257
21290
21524
21570
21577
21605
21615
21657
21754
21763
21776
21780
21792
21799
21808
21811
21834
21845
21852
21857
21876
21883
21974
22078
22093
22139
22145
22254
22368
22434
22462
22628
22647
22699
22711
22729
22937
22990
23002
23006
23011
23020
23022
23030
23039
23048
23069
23471
23486
23516
23600
23656
23695
23746
23758
23767
23835
23853
23869
23902
23930
23937
23940
23944
23949
23955
23958
23996
24000
24006
24026
24029
24034
24042
24060
24067
24083
24098
24112
24138
24156
24247
24280
24378
24386
24472
24521
24675
24684
24750
24764
24768
24832
24843
24908
24916
24921
24927
24934
24952
24973
25015
25039
25049
25071
25073
25088
25124
25136
25184
25189
25209
25215
25238
25245
25257
25267
25271
25281
25284
25290
25304
25314
25323
25338
25356
25364
25406
25426
25444
25483
25490
25524
25688
25695
25701
25710
25716
25774
25783
25785
25800
25836
25851
25860
25879
25895
26062
26091
26109
26171
26184
26192
26210
26219
26250
26265
26271
26279
26285
26290
26294
26313
26319
26326
26335
26381
26425
26436
26455
26476
26482
26490
26506
26512
26528
26544
26554
26587
26596
26603
26607
26615
26625
26801
26852
26873
26891
26974
27000
27012
27035
27048
27053
27105
27153
27199
27236
27265
27300
27303
27311
27334
27348
27431
27444
27467
27476
27522
27537
27638
27645
27717
27725
27739
27761
27764
27775
27832
27840
27846
27848
27856
27859
27869
27879
27894
27904
27915
27922
27951
27966
28005
28024
28036
28057
28111
28128
28138
28144
28208
28213
28408
28421
28500
28513
28551
28564
28583
28597
28599
28696
28747
28758
28792
28797
28805
28813
28855
28900
28928
29006
29011
29020
29025
29044
29062
29101
29110
29122
29129
29167
29179
29180
29188
29205
29218
29228
29301
29305
29310
29318
29323
29329
29375
29385
29394
29408
29418
29439
29456
29467
29500
29511
29530
29553
29561
29586
29612
29620
29666
29678
29682
29691
29695
29704
29713
29719
29745
29765
29772
29785
29787
29801
29830
29845
29858
29870
29881
29906
29916
29926
30019
30033
30045
30101
30107
30171
30177
30184
30208
30252
30261
30331
30345
30381
30391
30398
30407
30434
30440
30446
30451
30471
30724
30784
30853
30876
31345
31468
31476
31498
31533
31538
31591
31611
31617
31622
31632
31642
31658
31665
31674
31697
31732
31738
31768
31823
31833
31927
32052
32064
32071
32074
32087
32104
32112
32122
32141
32155
32165
32172
32190
32210
32215
32234
32242
32301
32308
32345
32390
32581
32630
32660
32681
32705
32824
32828
32847
32858
32886
32892
32896
32904
33165
33393
33396
33418
33427
33438
33449
33635
33644
33678
33704
33718
33814
33984
34001
34013
34047
34062
34226
34231
34385
34421
34437
34444
34483
34532
34546
34564
34664
34688
34698
34709
34720
34730
34742
34785
34789
34800
34812
35007
35194
35271
35284
35451
35536
35560
36643
36697
36806
36840
36853
36858
36871
36907
36914
36922
36994
37000
37021
37028
37038
37068
37083
37126
37136
37149
37174
37391
37398
37402
37438
37462
37608
37648
37742
37783
37863
37960
38544
38573
38635
38682
38699
38706
38745
38751
38758
38777
38806
38816
38822
38833
38860
38894
38900
38906
38921
38958
38996
39248
39278
39301
39345
39393
39427
39484
39500
39511
39522
39540
39558
39567
39576
39582
39594
39621
39730
39748
39938
39961
39992
40002
40060
40230
40276
40291
40426
40444
40562
40575
40608
40818
41798
41801
41807
41946
42009
42029
42037
42047
42053
42095
42121
42281
42301
42314
42322
42340
42345
42388
42427
42432
42450
42470
42500
42513
42526
42536
42557
42660
42716
42836
42850
42856
42920
42986
42991
43006
43086
43093
43353
43361
43425
43449
43586
43648
43654
43766
43770
43773
43781
43813
43832
43923
43934
43961
44001
44011
44019
44106
44118
44130
44133
44141
44181
44190
44203
44571
44582
44701
44775
44977
45022
45088
45102
45217
45227
45292
45375
45392
45396
45409
45422
45427
45483
45493
45515
45659
45721
45731
45789
46068
46224
46241
46394
46438
46459
46464
46530
46591
46597
46603
46613
46622
46665
46681
46695
46700
46726
46732
46742
46746
46762
46771
46780
46815
46820
46832
46880
46913
47337
47344
47370
47462
47471
47571
47620
47643
47848
47877
47895
47992
48105
48116
48136
48143
48297
48304
48311
48313
48325
48332
48341
48344
48347
48361
48367
48374
48401
48410
48425
48464
48516
48555
48567
48577
48592
48641
48651
48658
48662
48726
48836
48907
48954
49068
49096
49099
49133
49139
49204
49216
