0
9
32
51
72
90
103
121
135
155
158
175
201
205
226
250
273
294
311
316
335
354
373
393
398
422
443
466
487
503
505
529
550
570
591
611
633
655
679
700
724
747
766
787
803
823
843
848
866
889
915
932
953
957
980
985
1006
1022
1047
1052
1071
1094
1111
1124
1148
1169
1194
1201
1220
1241
1259
1278
1302
1310
1328
1347
1366
1389
1410
1433
1454
1471
1494
1501
1523
1545
1563
1584
1603
1625
1651
1675
1692
1718
1722
1740
1764
1787
1803
1821
1842
1862
1887
1908
1929
1945
1970
1990
2011
2034
2051
2072
2077
2098
2117
2140
2154
2173
2189
2213
2236
2241
2266
2288
2311
2337
2360
2372
2393
2412
2431
2455
2477
2500
2518
2542
2564
2589
2609
2627
2647
2665
2686
2705
2709
2720
2739
2744
2765
2786
2791
2811
2814
2834
2853
2869
2873
2898
2920
2936
2958
2977
2996
3016
3038
3062
3081
3106
3126
3139
3157
3180
3199
3220
3240
3260
3278
3284
3302
3320
3339
3361
3380
3384
3409
3431
3455
3462
3483
3503
3525
3540
3561
3571
3590
3608
3621
3648
3670
3692
3713
3728
3743
3761
3785
3808
3813
3834
3852
3854
3874
3893
3897
3916
3936
3955
3974
3998
4019
4040
4060
4080
4104
4107
4124
4144
4164
4183
4206
4229
4247
4270
4287
4302
4323
4342
4366
4384
4399
4422
4441
4446
4469
4489
4512
4533
4551
4572
4594
4609
4628
4652
4676
4697
4720
4739
4755
4774
4792
4817
4836
4851
4872
4894
4912
4935
4940
4960
4976
4994
5017
5039
5062
5083
5102
5123
5141
5158
5161
5178
5197
5221
5244
5266
5291
5314
5333
5355
5361
5383
5406
5429
5447
5455
5479
5500
5516
5526
5544
5569
5571
5595
5613
5635
5656
5673
5694
5717
5721
5743
5760
5779
5802
5825
5843
5857
5875
5899
5925
5948
5968
5971
5996
6017
6037
6058
6082
6092
6097
6102
6118
6142
6164
6187
6203
6223
6228
6236
6241
6263
6280
6301
6319
6340
6362
6380
6399
6419
6433
6454
6476
6494
6511
6516
6522
6543
6564
6581
6602
6619
6643
6665
6685
6701
6716
6738
6751
6772
6797
6818
6834
6856
6861
6879
6896
6917
6936
6958
6978
6999
7018
7034
7051
7059
7078
7100
7105
7114
7131
7135
7153
7171
7191
7214
7220
7240
7243
7262
7282
7304
7325
7346
7366
7385
7406
7425
7449
7466
7471
7490
7511
7536
7560
7574
7585
7608
7628
7634
7641
7657
7663
7685
7706
7726
7748
7755
7775
7797
7814
7834
7855
7869
7889
7904
7926
7931
7954
7975
7998
8020
8042
8065
8070
8098
8108
8129
8150
8168
8190
8215
8237
8252
8274
8294
8318
8327
8341
8345
8367
8386
8389
8412
8433
8457
8478
8498
8516
8541
8553
8572
8576
8601
8616
8631
8650
8672
8691
8713
8719
8739
8762
8779
8803
8825
8845
8866
8884
8902
8923
8940
8962
8981
9003
9025
9048
9053
9068
9086
9107
9124
9149
9170
9175
9194
9219
9240
9263
9269
9289
9306
9322
9343
9347
9369
9391
9415
9433
9453
9476
9495
9517
9540
9554
9570
9590
9608
9627
9647
9663
9682
9699
9720
9737
9759
9778
9796
9817
9834
9855
9874
9876
9893
9916
9938
9944
9960
9985
9990
10008
10029
10053
10068
10088
10113
10134
10155
10176
10192
10215
10220
10239
10246
10264
10267
10287
10308
10334
10356
10375
10395
10421
10441
10465
10483
10503
10528
10544
10560
10581
10606
10631
10648
10670
10690
10710
10731
10751
10770
10789
10810
10831
10852
10867
10883
10902
10921
10936
10956
10965
10987
11007
11022
11036
11055
11076
11100
11116
11141
11151
11171
11191
11205
11220
11237
11262
11285
11305
11328
11348
11362
11369
11393
11417
11438
11457
11476
11501
11521
11545
11564
11588
11611
11623
11642
11661
11684
11693
11712
11728
11750
11771
11793
11808
11829
11842
11862
11882
11887
11909
11932
11946
11965
11986
12009
12013
12036
12051
12053
12055
12069
12089
12105
12124
12139
12157
12170
12192
12213
12230
12251
12268
12285
12310
12334
12341
12360
12384
12410
12440
12462
12485
12490
12513
12533
12539
12560
12581
12585
12591
12595
12615
12637
12652
12672
12690
12709
12730
12753
12760
12762
12786
12789
12813
12816
12835
12858
12864
12869
12888
12912
12932
12952
12975
12993
13010
13033
13053
13075
13093
13113
13131
13134
13157
13169
13187
13201
13226
13248
13272
13281
13303
13325
13350
13370
13388
13392
13413
13433
13449
13474
13496
13517
13541
13564
13586
13605
13621
13634
13636
13656
13678
13688
13709
13729
13749
13771
13788
13807
13827
13851
13875
13880
13884
13910
13929
13951
13972
13978
13998
14006
14030
14053
14076
14095
14117
14130
14150
14173
14194
14218
14244
14248
14265
14283
14303
14312
14314
14335
14356
14381
14401
14425
14447
14465
14488
14508
14533
14553
14577
14596
14615
14638
14658
14671
14692
14710
14716
14738
14759
14769
14789
14815
14820
14844
14867
14876
14901
14922
14944
14961
14977
14983
14987
15005
15022
15034
15049
15072
15093
15108
15127
15147
15153
15172
15184
15205
15224
15245
15263
15281
15299
15314
15334
15351
15370
15394
15403
15423
15446
15468
15488
15505
15530
15550
15572
15594
15618
15639
15663
15686
15706
15733
15754
15757
15768
15790
15810
15832
15850
15867
15886
15889
15911
15934
15952
15978
15996
16016
16038
16040
16062
16084
16095
16102
16119
16138
16160
16181
16206
16226
16244
16261
16286
16305
16326
16348
16368
16384
16403
16426
16449
16453
16472
16489
16511
16532
16553
16577
16598
16613
16636
16657
16678
16694
16714
16738
16756
16773
16798
16821
16823
16845
16873
16894
16914
16933
16957
16973
16989
17009
17032
17046
17069
17085
17104
17119
17140
17159
17183
17202
17222
17245
17266
17284
17309
17316
17336
17353
17376
17391
17407
17422
17440
17455
17472
17497
17519
17541
17563
17580
17597
17614
17636
17658
17678
17698
17716
17740
17761
17765
17786
17792
17812
17834
17855
17876
17900
17925
17946
17967
17987
18011
18032
18051
18068
18093
18099
18118
18141
18164
18184
18209
18228
18244
18266
18287
18311
18317
18323
18342
18362
18369
18371
18396
18417
18433
18451
18471
18488
18508
18532
18553
18562
18586
18595
18618
18624
18643
18666
18689
18712
18732
18738
18762
18781
18805
18829
18849
18865
18882
18902
18922
18936
18961
18977
18983
19000
19008
19026
19046
19066
19072
19079
19102
19106
19128
19149
19168
19190
19210
19231
19252
19277
19296
19315
19338
19363
19384
19405
19410
19432
19449
19470
19493
19512
19531
19555
19557
19581
19603
19623
19633
19654
19659
19682
19701
19724
19740
19759
19782
19801
19826
19847
19863
19876
19897
19919
19936
19955
19972
19991
20007
20012
20035
20058
20075
20088
20107
20130
20152
20171
20189
20194
20211
20233
20252
20271
20294
20317
20321
20338
20358
20365
20378
20399
20420
20442
20462
20467
20484
20491
20510
20519
20543
20564
20589
20605
20610
20631
20650
20667
20689
20709
20733
20738
20758
20779
20802
20826
20847
20865
20886
20904
20923
20942
20966
20987
21002
21025
21046
21052
21058
21074
21099
21115
21136
21153
21173
21196
21220
21244
21265
21283
21286
21304
21327
21348
21372
21387
21408
21411
21432
21455
21475
21492
21512
21515
21532
21554
21571
21590
21611
21634
21653
21674
21695
21712
21735
21753
21770
21790
21796
21816
21822
21842
21867
21886
21905
21928
21944
21969
21991
22008
22027
22037
22043
22066
22089
22110
22132
22153
22172
22191
22210
22229
22248
22253
22273
22292
22317
22325
22348
22361
22384
22400
22421
22442
22466
22487
22503
22525
22545
22548
22571
22589
22612
22615
22633
22649
22652
22670
22693
22698
22707
22724
22742
22760
22779
22798
22819
22825
22844
22866
22872
22895
22913
22930
22935
22960
22975
22995
23020
23026
23049
23072
23091
23109
23130
23150
23172
23195
23220
23243
23260
23279
23300
23323
23342
23368
23387
23410
23431
23438
23460
23467
23473
23493
23506
23530
23552
23571
23576
23597
23618
23638
23657
23679
23700
23706
23724
23747
23752
23772
23794
23812
23832
23836
23861
23885
23903
23925
23944
23966
23983
23991
24010
24023
24037
24053
24059
24076
24100
24105
24127
24149
24173
24184
24203
24222
24242
24258
24281
24303
24318
24340
24348
24365
24387
24410
24434
24456
24458
24474
24496
24514
24533
24554
24576
24595
24611
24616
24618
24633
24653
24674
24693
24711
24730
24752
24772
24790
24812
24817
24834
24854
24878
24898
24921
24923
24941
24958
24973
24993
25018
25041
25064
25068
25090
25106
25129
25149
25166
25184
25209
25230
25252
25274
25290
25309
25326
25342
25364
25386
25408
25429
25450
25469
25490
25507
25529
25547
25564
25586
25607
25634
25656
25675
25699
25721
25744
25767
25786
25803
25827
25846
25871
25891
25912
25933
25955
25976
25994
26019
26034
26054
26079
26100
26116
26139
26159
26183
26203
26226
26248
26265
26271
26291
26313
26339
26346
26360
26383
26401
26422
26446
26469
26491
26511
26533
26550
26570
26593
26614
26630
26641
26662
26680
26703
26723
26743
26763
26780
26791
26797
26817
26839
26851
26872
26895
26912
26931
26950
26970
26990
27009
27033
27052
27075
27096
27115
27135
27151
27170
27186
27204
27228
27245
27258
27283
27301
27306
27329
27350
27365
27384
27404
27419
27437
27461
27478
27500
27516
27534
27552
27572
27595
27618
27636
27650
27667
27684
27701
27723
27743
27762
27767
27771
27792
27812
27832
27854
27874
27888
27912
27931
27947
27967
27990
28010
28015
28031
28034
28039
28060
28084
28097
28104
28119
28131
28151
28173
28193
28212
28232
28256
28277
28301
28318
28339
28361
28381
28406
28421
28437
28458
28461
28478
28498
28519
28542
28564
28584
28603
28622
28637
28658
28660
28683
28691
28709
28728
28748
28774
28799
28820
28842
28860
28864
28888
28908
28931
28952
28970
28989
29009
29024
29043
29059
29078
29097
29120
29143
29168
29190
29205
29225
29243
29266
29289
29306
29326
29346
29352
29375
29383
29404
29425
29442
29462
29470
29491
29516
29522
29541
29562
29581
29602
29624
29645
29667
29682
29701
29721
29742
29754
29774
29796
29813
29835
29855
29880
29903
29908
29915
29940
29949
29974
29992
30000
30023
30045
30071
30088
30109
30133
30151
30169
30185
30200
30224
30246
30264
30290
30312
30333
30341
30365
30385
30395
30400
30417
30438
30456
30477
30482
30502
30523
30539
30561
30585
30608
30628
30650
30668
30675
30695
30715
30738
30758
30784
30801
30820
30839
30858
30878
30889
30909
30929
30947
30968
30975
30997
31003
31022
31038
31051
31068
31086
31100
31122
31142
31152
31172
31181
31201
31207
31219
31240
31261
31281
31303
31325
31344
31365
31389
31397
31420
31425
31447
31451
31457
31463
31481
31504
31527
31549
31551
31573
31588
31594
31618
31633
31654
31674
31682
31685
31708
31730
31754
31772
31791
31801
31823
31844
31870
31873
31895
31915
31925
31948
31967
31973
31993
32009
32031
32038
32057
32077
32099
32116
32137
32157
32176
32201
32223
32244
32260
32277
32299
32319
32342
32361
32382
32408
32430
32455
32475
32494
32517
32541
32559
32579
32600
32622
32639
32660
32663
32683
32688
32713
32734
32754
32775
32799
32820
32846
32865
32885
32908
32924
32942
32959
32978
32988
33010
33026
33047
33069
33075
33093
33118
33137
33159
33165
33172
33194
33217
33241
33260
33283
33302
33322
33344
33367
33380
33403
33421
33424
33441
33462
33484
33502
33525
33530
33549
33573
33592
33611
33617
33638
33644
33667
33688
33710
33728
33746
33765
33770
33790
33811
33829
33849
33870
33887
33903
33925
33949
33968
33982
34004
34012
34034
34056
34071
34096
34115
34138
34156
34177
34200
34219
34225
34243
34266
34286
34307
34331
34353
34371
34395
34408
34425
34442
34460
34478
34495
34509
34525
34542
34560
34583
34598
34613
34638
34646
34664
34684
34702
34722
34737
34759
34783
34804
34823
34842
34864
34881
34901
34921
34941
34961
34980
35001
35025
35048
35057
35081
35100
35123
35128
35146
35167
35189
35209
35229
35247
35266
35286
35309
35336
35357
35373
35394
35413
35435
35458
35480
35497
35517
35532
35552
35576
35598
35615
35635
35653
35672
35692
35711
35734
35751
35776
35780
35798
35819
35839
35861
35875
35880
35885
35906
35929
35953
35977
35996
36002
36016
36032
36049
36058
36075
36096
36112
36135
36155
36175
36192
36212
36233
36251
36265
36286
36306
36325
36346
36366
36370
36374
36383
36402
36406
36411
36418
36429
36435
36454
36475
36487
36503
36523
36542
36564
36584
36603
36624
36645
36666
36687
36710
36736
36754
36775
36799
36819
36842
36855
36881
36903
36926
36948
36960
36981
36996
37017
37038
37060
37076
37091
37108
37126
37132
37154
37159
37178
37199
37218
37240
37259
37277
37298
37319
37342
37364
37384
37398
37419
37440
37463
37487
37504
37522
37541
37562
37580
37583
37603
37621
37639
37650
37672
37695
37718
37738
37757
37777
37797
37816
37841
37861
37868
37886
37905
37921
37940
37964
37985
38002
38022
38039
38060
38081
38096
38119
38123
38142
38161
38183
38201
38221
38240
38260
38283
38307
38329
38336
38360
38382
38407
38426
38452
38462
38482
38501
38525
38549
38572
38595
38616
38635
38656
38677
38693
38713
38733
38759
38781
38794
38813
38835
38857
38877
38897
38917
38941
38964
38971
38978
39000
39007
39013
39020
39038
39053
39072
39088
39106
39124
39147
39169
39186
39206
39213
39233
39251
39270
39290
39310
39329
39350
39358
39376
39386
39403
39420
39439
39459
39463
39486
39506
39525
39548
39567
39590
39615
39638
39660
39682
39687
39707
39728
39746
39768
39788
39811
39819
39838
39843
39859
39861
39885
39909
39929
39952
39970
39995
40014
40029
40035
40053
40073
40093
40114
40136
40155
40164
40186
40200
40202
40223
40240
40259
40276
40294
40314
40333
40338
40352
40370
40379
40402
40406
40432
40435
40455
40461
40481
40497
40520
40539
40543
40564
40584
40605
40613
40628
40646
40672
40692
40697
40721
40738
40752
40776
40796
40803
40804
40820
40837
40857
40862
40871
40892
40909
40929
40948
40967
40986
41007
41029
41052
41072
41090
41109
41130
41133
41151
41171
41194
41200
41218
41224
41244
41270
41293
41314
41337
41359
41379
41397
41419
41441
41460
41480
41483
41491
41508
41529
41544
41559
41580
41604
41623
41643
41660
41670
41687
41705
41723
41745
41765
41785
41808
41812
41832
41850
41872
41887
41906
41930
41935
41954
41975
41997
42020
42043
42064
42070
42094
42120
42147
42167
42185
42209
42230
42251
42276
42283
42303
42327
42352
42372
42390
42409
42427
42432
42455
42476
42497
42515
42525
42545
42568
42585
42603
42622
42644
42666
42686
42708
42726
42743
42760
42777
42795
42809
42832
42850
42873
42900
42925
42942
42963
42980
43002
43022
43040
43061
43081
43101
43103
43107
43127
43147
43168
43174
43191
43195
43216
43238
43258
43279
43295
43318
43321
43340
43362
43382
43406
43428
43454
43479
43499
43519
43539
43562
43584
43608
43629
43648
43666
43682
43702
43721
43738
43762
43782
43797
43818
43839
43862
43883
43885
43903
43924
43944
43961
43979
44003
44024
44026
44049
44068
44089
44109
44115
44136
44160
44177
44201
44222
44243
44263
44285
44305
44325
44343
44362
44370
44392
44396
44421
44425
44436
44457
44475
44491
44513
44520
44538
44554
44575
44592
44613
44633
44652
44674
44697
44722
44744
44767
44790
44794
44815
44820
44838
44858
44864
44888
44910
44930
44938
44961
44982
45000
45019
45039
45060
45075
45099
45117
45130
45146
45165
45184
45187
45195
45214
45234
45254
45270
45287
45306
45327
45350
45355
45373
45379
45403
45416
45438
45449
45472
45493
45517
45533
45553
45557
45575
45599
45618
45639
45644
45668
45674
45691
45712
45733
45747
45755
45763
45786
45804
45824
45847
45872
45890
45909
45931
45947
45970
45986
45994
46017
46038
46059
46077
46094
46116
46143
46147
46167
46185
46202
46219
46237
46241
46264
46283
46302
46328
46336
46343
46363
46372
46396
46407
46432
46453
46470
46486
46507
46514
46527
46531
46551
46571
46586
46612
46628
46647
46668
46693
46697
46715
46736
46753
46758
46779
46797
46815
46835
46852
46874
46894
46911
46932
46949
46971
46986
47009
47028
47050
47072
47091
47107
47131
47154
47176
47197
47219
47227
47244
47264
47279
47301
47318
47335
47354
47378
47394
47413
47419
47437
47459
47486
47511
47522
47545
47550
47572
47594
47615
47638
47660
47664
47684
47705
47718
47744
47748
47764
47786
47806
47830
47834
47851
47865
47884
47889
47909
47926
47945
47959
47983
48005
48027
48044
48064
48082
48101
48120
48139
48156
48174
48199
48216
48222
48245
48269
48290
48313
48339
48361
48368
48386
48402
48406
48430
48434
48456
48467
48472
48475
48479
48499
48503
48509
48528
48550
48573
48592
48609
48629
48646
48654
48675
48699
48723
48743
48764
48786
48792
48814
48832
48850
48867
48874
48878
48895
48904
48909
48914
48938
48953
48972
48992
49014
49018
49041
49062
49081
49102
49121
49139
49162
49171
49189
49203
49216
