0
53
118
205
216
280
343
427
429
487
525
572
602
617
656
748
832
885
959
1043
1063
1151
1173
1254
1277
1409
1496
1588
1675
1693
1719
1831
1851
1929
2103
2123
2187
2352
2403
2459
2572
2638
2705
2749
2836
2891
2989
3031
3076
3245
3280
3298
3404
3489
3550
3590
3838
3914
3935
3958
4154
4219
4333
4351
4373
4431
4603
4617
4676
4720
4838
4862
4911
4953
5188
5347
5456
5524
5566
5612
5652
5693
5765
5795
5837
5932
5991
6068
6128
6877
7064
7135
7265
7307
7369
7581
7960
7979
8019
8033
8152
8193
8259
8411
8535
8627
8706
8727
8809
8848
9443
9547
9668
9739
9775
9823
9844
9878
9916
10250
10348
10453
10594
10664
10739
10818
10843
10953
10978
11063
11092
11156
11195
11303
11462
11479
11541
11547
11630
11690
11829
11868
11933
12017
12083
12156
12268
12370
12412
12515
12601
12661
12709
12770
12864
13060
13202
13301
13365
13450
13499
13605
13643
13749
13767
13790
13858
13907
13982
14036
14069
14113
14179
14262
14320
14407
14532
14587
14671
14683
14726
14915
14984
15015
15031
15054
15093
15199
15221
15239
15305
15345
15458
15477
15501
15602
15638
15711
15767
15784
15825
15863
15975
16038
16145
16165
16204
16252
16264
16278
16300
16499
16601
16606
16670
16692
16737
16777
16811
17028
17087
17151
17173
17177
17236
17274
17294
17314
17349
17448
17526
17622
17783
17862
17881
17915
17935
18140
18148
18169
18428
18529
18547
18623
18716
18792
18813
18889
18905
18935
18994
19019
19152
19222
19285
19324
19407
19426
19500
19630
19665
19678
19754
19791
19855
19916
19934
20001
20059
20090
20188
20268
20374
20394
20435
20477
20500
20553
20656
20673
20913
20924
21074
21095
21135
21264
21302
21353
21371
21385
21445
21495
21514
21532
21553
21600
21639
21666
21770
21804
21910
21975
22002
22108
22165
22238
22282
23766
23785
23890
23937
24250
24341
24399
24418
24452
24558
24716
24739
24817
24840
24884
24943
24966
25066
25132
25174
25217
25300
25360
25415
25478
25517
25624
25657
25708
25732
25775
25855
25917
25940
25980
26079
26104
26147
26216
26228
26268
26351
26419
26465
26739
26758
26814
26878
26938
26962
27044
27094
27112
27167
27213
27235
27251
27272
27455
27483
27544
27584
27726
27749
27858
27984
28072
28137
28250
28326
28390
28452
28492
28619
28659
28729
28779
28842
28874
28913
28970
29031
29101
29254
29258
29310
29407
29429
29525
29592
29630
29713
29737
29832
29851
29954
30096
30231
30275
30369
30455
30535
30629
30692
30737
30820
30876
30897
30920
31342
31384
31469
31492
31514
31554
31583
31608
31698
31729
31744
31918
31949
32044
32340
32358
32400
32444
32484
32539
32599
32919
32990
33098
33122
33240
33445
33607
33668
33820
33849
33909
33984
34044
34129
34174
34238
34306
34358
34571
34636
34837
34914
35037
35104
35129
35159
35179
35230
35313
35418
35487
35547
35599
35664
35778
35830
35985
36068
36091
36112
36194
36244
36308
36348
36421
36485
36650
36715
36846
36921
37006
37235
37273
37332
37503
37518
37648
37707
37727
37785
37844
37865
37990
38032
38049
38085
38143
38198
38259
38467
38510
38856
38877
38909
38961
39004
39088
39121
39201
39316
39357
39395
39479
39694
39716
39738
39757
39818
39906
40184
40268
40313
40334
40396
40452
40504
40549
40585
40671
40705
40742
40838
40851
40900
40985
41113
41187
41237
41389
41409
41424
41466
41561
41631
41635
41670
41729
41868
41936
41956
41989
41991
42093
42150
42185
42204
42272
42376
42441
42651
42675
42795
42850
42894
42913
42956
43014
43102
43157
43167
43283
43506
43578
43637
43794
43908
43984
44070
44169
44191
44278
44303
44377
44470
44508
44614
44633
44699
44731
44771
44871
44910
45467
45513
45533
45550
45592
45744
45829
45856
45964
46028
46120
46271
46416
46421
46437
46475
46530
46568
46628
46653
46694
46738
46766
46840
46908
47026
47072
47096
47179
47258
47305
47360
47381
47402
47422
47469
47498
47520
47527
47566
47700
47704
47803
47812
47846
47922
48010
48233
48256
48361
48379
48422
48550
48701
48749
48752
48775
48834
48898
49134
49155
49219
49251
49544
49560
49593
49613
49716
49794
49834
49855
49919
49958
50022
50068
50092
50112
50150
50213
50238
50276
50295
50314
50383
50425
50464
50506
50527
50568
50820
50867
50945
50968
51005
51022
51127
51168
51332
51401
51450
51548
51607
51613
51694
51863
51931
52071
52112
52172
52191
52275
52312
52381
52551
52609
52631
52697
52701
52786
52806
52921
53018
53064
53070
53147
53170
53224
53328
53390
53423
53512
53590
53612
53692
53769
54330
54566
54736
54909
55064
55185
55298
55365
55426
55489
55588
55663
55810
55872
55950
56164
56211
56229
56296
56358
56398
56440
56497
56690
56738
56812
56850
56941
56987
57030
57092
57168
57235
57319
57387
57455
57478
57518
57609
57624
57652
57659
57717
57775
57778
57867
57999
58016
58058
58076
58183
58220
58240
58263
58330
58419
58462
58566
58625
58706
58777
58871
58929
59009
59093
59177
59199
59271
59355
59404
59443
59467
59527
59569
59648
59715
59819
59841
59869
59957
59998
60086
60213
60337
60502
60541
60635
60676
60679
60702
60786
60809
60825
60884
60966
61026
61050
61098
61214
61220
61380
61449
61505
61664
61719
61836
61887
61927
61968
62052
62122
62179
62231
62290
62330
62382
62446
62507
62593
62610
62658
62810
62831
62876
62989
63013
63130
63190
63261
63300
63406
63472
63490
63534
63686
63828
63927
63977
64044
64085
64207
64227
64331
64440
64545
64609
64652
64682
64724
64744
64830
64876
65002
65040
65135
65197
65272
65314
65376
65420
65540
65603
65710
65728
65873
65956
66025
66051
66171
66218
66263
66410
66487
66545
66579
66607
66628
66749
66853
66871
66891
66929
67004
67024
67043
67104
67124
67156
67201
67249
67273
67328
67351
67366
67404
67448
67473
67515
67532
67547
67602
67640
67744
67843
67909
67954
67962
67984
68000
68036
68055
68072
68136
68156
68177
68255
68275
68322
68347
68391
68435
68478
68521
68563
68726
68770
68790
68844
68903
69037
69338
69432
69507
69527
69538
69572
69666
69758
69797
69867
70151
70169
70188
70230
70237
70276
70352
70412
70449
70500
70518
70568
70644
70667
70670
70687
70744
70806
70810
70848
70855
70924
70994
71127
71162
71263
71303
71383
71391
71512
71595
71619
71638
71684
71761
71842
71890
71916
71946
72050
72699
72722
72977
73049
73102
73128
73148
73247
73267
73439
73481
73506
73546
73617
73637
73656
73685
73705
73771
73790
73837
73860
73974
73992
74051
74133
74197
74252
74373
74813
74852
74869
74976
75070
75131
75155
75238
75426
75564
75584
75621
75757
75804
75847
75870
75889
75909
75927
75990
76055
76116
76175
76293
76315
76463
76520
76539
76631
76720
77247
77300
77361
77406
77425
77491
77506
77580
77705
77747
77781
77874
77893
77975
78058
78100
78143
78215
78368
78408
78478
78599
78732
78818
78931
79043
79132
79199
79241
79314
79417
79706
79763
79788
79856
79957
79975
80064
80135
80197
80222
80261
80308
80450
80486
80549
80616
80729
80816
80940
80959
81001
81058
81099
81112
81173
81232
81332
81348
81689
81712
81783
81846
81985
82047
82072
82120
82182
82204
82246
82288
82387
82417
82460
82541
82666
82733
82781
82798
82836
82899
82946
83151
83184
83272
83358
83543
83590
83702
83723
83758
83798
83822
83877
83900
83923
83969
84354
84396
84571
84600
84643
84774
84801
84901
84981
85058
85105
85172
85194
85272
85389
85415
85504
85548
85585
85603
85673
85737
85794
85855
85890
85951
86014
86103
86144
86167
86265
86313
86373
86472
86558
86652
86711
86756
86816
86837
86902
86926
86965
86985
87021
87118
87188
87274
87316
87396
87460
87479
87583
87628
87668
88172
88214
88275
88298
88342
88617
88660
88664
88696
88714
88779
88829
88846
88894
88930
88992
89095
89159
89191
89224
89247
89350
89374
89391
89459
89522
89589
89685
89727
89771
89813
89858
89974
90274
90337
90372
90412
90430
90535
90557
90587
90629
90681
90746
90807
90945
90985
91089
91171
91259
91278
91319
91386
91403
91455
91524
91568
91652
91808
91872
91995
92036
92055
92141
92185
92218
92274
92336
92392
92447
92470
92502
92663
92715
92738
92799
92985
93082
93102
93202
93270
93315
93353
93447
93509
93862
93877
93936
93987
94086
94150
94187
94257
94442
94453
94479
94543
94567
94613
94633
94677
94769
94809
94867
94920
94982
95001
95043
95110
95187
95298
95360
95524
95602
95672
95730
95812
95869
95910
96045
96139
96163
96245
96284
96358
96432
96456
96645
96651
96686
96752
96780
96801
96839
99743
99833
100002
100033
100082
100121
100144
100212
100281
100487
100531
100572
100721
100742
100780
100842
100862
100884
100944
101029
101082
101116
101174
101219
101307
101350
101392
101443
101506
101512
101618
101680
101723
101739
101800
101820
101868
101983
102106
102127
102158
102242
102284
102374
102471
102522
102542
102614
102654
102677
102766
102850
102912
102916
103010
103396
103462
103559
103897
104027
104050
104093
104159
104294
104312
104346
104373
104401
104443
104518
104644
104685
104708
104752
104841
104885
104910
104972
104978
104999
105003
105042
105081
105395
105428
105542
105607
105650
105695
105722
105828
105850
105909
105944
105993
106017
106036
106053
106073
106133
106152
106171
106207
106239
106260
106384
106532
106568
106575
106602
106651
106765
106876
106912
106995
107063
107150
107245
107285
107372
107415
107492
107534
107626
107730
108162
108214
108223
108281
108362
108434
108450
108513
108537
108573
108594
108656
108703
108724
108767
108836
108899
108959
109102
109192
109266
109285
109531
109568
109673
109732
109777
109837
109859
109941
109983
110002
110021
110063
110105
110162
110286
110352
110379
110423
110467
110509
110574
110695
110854
110946
111088
111188
111255
111300
111381
111484
111588
111651
111697
111814
111823
111882
111900
112488
112554
112577
112621
112699
112717
112760
112822
112881
112916
113024
113092
113132
113197
113217
113298
113437
113487
113527
113560
113596
113618
113664
113688
113777
113823
113903
113955
114024
114045
114126
114169
114197
114216
114257
114389
114413
114496
114601
114658
114678
114870
114911
114980
115027
115068
115127
115193
115224
115244
115316
115408
115429
115450
115470
115488
115594
115724
115746
115752
115943
115947
115995
116063
116123
116175
116220
116285
116422
116435
116457
116476
116536
116557
116715
116735
116823
116886
116996
117027
117116
117956
118280
118335
118354
118423
118718
118767
118811
118833
118896
118915
119007
119093
119199
119222
119228
119289
119352
119384
119432
119453
119482
119559
119599
119668
119687
119705
119789
119854
119964
120059
120123
120325
120366
120382
120426
120464
120526
120582
120664
120692
120739
120821
120955
121018
121059
121142
121247
121360
121367
121372
121428
121488
121571
121676
121708
121748
121788
121940
122104
122184
122233
122293
122317
122393
122461
122490
122534
122537
122893
122956
122972
123025
123049
123087
123127
123195
123213
124555
124740
125039
125103
125247
125275
125293
125403
125468
125551
125648
125695
125770
125829
125875
125964
126051
126120
126175
126230
126381
126447
126541
126631
126883
126942
126990
127072
127143
127182
127265
127371
127402
127451
127601
127669
127765
127857
128021
128236
128322
128626
128803
128839
128953
129006
129047
129096
129184
129282
129355
129398
129456
129518
129575
129681
129744
129864
129952
129994
130100
130171
130264
130303
130543
130588
130617
130656
130722
130790
130849
131008
131125
131137
131232
131448
131539
131646
131766
131840
131936
132095
132129
132210
132303
132349
132468
132517
132606
132669
132755
132783
132802
132878
132997
133066
133159
133298
133358
133405
133490
133539
133606
133682
133765
133836
133942
134008
134071
134890
134932
135003
135047
135088
135151
135189
135226
135293
135353
135412
135520
135561
135607
135755
135837
136013
136081
136167
136245
136327
136357
136375
136440
136526
136588
136637
136711
136780
136892
136933
137003
137165
137194
137235
137266
137358
137409
137548
137665
137735
137831
137872
137892
137912
137955
138061
138118
138161
138185
138205
138225
138289
138331
138407
138473
138512
138559
138626
138801
138869
138940
138960
139046
139138
139184
139208
139245
139308
139394
139479
139570
139677
139696
139794
139847
139888
139928
139991
140138
140179
140239
140306
140351
140605
140648
140734
140771
140851
140933
140975
141093
141314
141471
141535
141563
141651
141780
141903
141996
142042
142121
142325
142411
143019
143051
143088
143128
143143
143259
143362
143422
143463
143507
143569
143635
143777
144048
144155
144241
144284
144343
144398
144466
144507
144607
144704
144740
144760
144799
144863
144924
144982
145004
145100
145211
145292
145372
145435
145467
145730
145792
145944
145999
146145
146306
146393
146505
146636
146742
146826
146889
146951
146999
147085
147115
147311
147349
147410
147452
147504
147549
147607
147896
147957
148098
148158
148202
148310
148416
148512
148575
148620
148701
148798
148843
149918
149988
150011
150038
150042
150067
150088
150112
150134
150195
150264
150307
150457
150518
150571
150905
150954
151048
151107
151111
151148
151152
151196
151272
151359
151420
151463
151500
151542
151602
151699
151819
151950
151993
152034
152140
152190
152250
152375
152589
152672
152745
152761
152823
152889
152918
152940
153033
153773
153834
153865
153906
153949
154011
154095
154183
154223
154268
154309
154926
155026
155068
155135
155171
155199
155259
155337
155361
155528
155607
155756
155795
155837
155946
155967
155988
156033
156100
156117
156185
156271
156333
156393
156431
156468
156646
156706
156771
156856
157026
157125
157230
157311
157351
157532
157565
157588
157802
157864
157969
158058
158098
158144
158207
158267
158328
158345
158392
158496
158596
158719
158806
158825
158903
158984
159007
159077
159147
159167
159209
159255
159342
159382
159507
159592
159615
159729
159842
159925
159972
160014
160142
160200
160242
160354
160419
160648
160774
160850
160912
160973
161010
161024
161063
161252
161306
161380
161492
161535
161585
161656
161724
161774
161843
161933
162013
162033
162084
162204
162271
162371
162483
162532
162553
162598
162643
162688
162734
162816
163117
163202
163305
163325
163369
163534
163572
163686
163786
163841
163902
163946
163968
164121
164208
164250
164272
164356
164395
164403
164480
164591
164678
164817
164840
164943
165086
165419
165482
165506
165567
165666
165745
165754
165862
165892
165909
165976
165998
166080
166161
166189
166295
166395
166550
166614
166682
166750
166860
166905
166971
167016
167075
167093
167154
167192
167236
167325
167387
167448
167536
167681
167782
167819
167877
167955
168056
168142
168224
168377
168465
168528
168659
168758
168812
168897
168935
168993
169034
169038
169103
169149
169194
169362
169367
169483
169578
169603
169705
169747
169787
169865
170006
170275
170405
170497
170567
170635
170649
170664
170684
170729
170735
170740
170827
170886
170930
170955
171002
171021
171092
171165
171204
171302
171439
171563
171581
171599
171617
171670
171727
171784
171827
171862
171924
172023
172083
172203
172264
172303
172380
172439
172496
172555
172636
172733
172901
172929
172968
172990
173078
173130
173174
173198
173241
173260
173304
173341
173399
173463
173590
173666
173733
173815
173945
173985
174025
174064
174102
174142
174161
174179
174254
174291
174350
174388
174427
174439
174480
174551
174595
174658
174739
174757
174879
174939
174979
175037
175101
175123
175283
175381
175387
175425
175504
175544
175548
175568
175615
175692
175711
175766
175805
175860
175974
176028
176149
176206
176268
176289
176347
176430
176518
176600
176783
176869
176894
176922
176962
177020
177130
177157
177410
177448
177486
177549
177596
177623
177639
177658
177723
177866
177884
177927
177989
178049
178106
178162
178338
178362
178517
178557
178664
178756
178787
178866
178939
178991
179021
179329
179426
179485
179505
179542
179639
179675
179752
179789
179831
179855
179978
180012
180053
180074
180117
180138
180157
180199
180246
180274
180322
180371
180388
180510
180596
180618
180638
180682
180754
180773
180851
180870
180920
180942
180966
181001
181022
181033
181051
181148
181185
181244
181293
181324
181389
181449
181491
181571
181612
181730
181805
181958
182021
182123
182142
182369
182566
182594
182621
182687
182776
182822
182913
182960
182970
182995
183015
183036
183127
183345
183400
183497
183538
183562
183594
183636
183675
183765
183807
183851
183901
184031
184052
184078
184096
184154
184183
184224
184247
184273
184395
184441
184459
184477
184485
184524
184591
184657
184745
184756
184827
184850
184893
184942
184963
185004
185088
185111
185240
185302
185319
185342
185388
185435
185524
185546
185565
185591
185602
185642
185739
185794
185837
185973
186051
186119
186124
186168
186188
186247
186283
186310
186327
186374
186391
186509
186529
186552
186569
186678
186705
186729
186764
186866
186932
186940
186988
187007
187059
187080
187097
187169
187204
187224
187244
187250
187273
187297
187384
187412
187495
187546
187571
187622
187649
187696
187721
187737
187779
187876
187932
187954
187976
187995
188031
188124
188140
188157
188192
188215
188235
188296
188304
188345
188405
188465
188509
188557
188579
188599
188625
188629
188648
188670
188687
188740
188775
188817
188839
188866
188878
188945
189028
189044
189087
189106
189146
189173
189195
189260
189276
189293
189314
189383
189425
189446
189464
189506
189519
189585
189612
189657
189682
189698
189702
189721
189742
189761
189778
189817
189836
189850
189873
189892
189912
189936
189943
189951
189966
190003
190025
190066
190086
190108
190133
190155
190195
190275
190280
190294
190350
190368
190430
190477
190523
190540
190604
190668
190709
190752
190768
190795
190816
190837
190858
190865
190875
190887
190930
190937
190956
190962
191080
191181
191197
191262
191546
191566
191633
191694
191752
191781
191828
191896
191996
192037
192137
192177
192199
192228
192267
192280
192292
192322
192350
192365
192410
192429
192449
192491
192531
192552
192571
192609
192628
192644
192681
192703
192721
192736
192742
192811
192885
